##FastQC	0.11.8
>>Basic Statistics	pass
#Measure	Value
Filename	damaged_muscle_exosome_1.fq.gz
File type	Conventional base calls
Encoding	Illumina 1.5
Total Sequences	27893491
Sequences flagged as poor quality	0
Sequence length	15-45
%GC	53
>>END_MODULE
>>Per base sequence quality	pass
#Base	Mean	Median	Lower Quartile	Upper Quartile	10th Percentile	90th Percentile
1	36.41056897467585	37.0	37.0	37.0	35.0	38.0
2	36.12353064734708	37.0	37.0	37.0	35.0	38.0
3	35.9685760738948	37.0	36.0	37.0	35.0	38.0
4	36.182899013967095	37.0	37.0	37.0	35.0	38.0
5	36.28223247495267	37.0	37.0	37.0	35.0	38.0
6	36.450940185292694	37.0	37.0	37.0	35.0	38.0
7	36.508165722246815	37.0	37.0	37.0	35.0	38.0
8	36.4343299660842	37.0	37.0	37.0	35.0	38.0
9	36.45745747636967	37.0	37.0	37.0	35.0	38.0
10	36.370372213359744	37.0	37.0	37.0	35.0	38.0
11	36.21238499691559	37.0	37.0	37.0	35.0	38.0
12	36.04570456957145	37.0	36.0	37.0	35.0	38.0
13	36.23230968113672	37.0	37.0	37.0	35.0	38.0
14	36.45548576189334	37.0	37.0	37.0	35.0	38.0
15	36.203580182917946	37.0	37.0	37.0	35.0	38.0
16	36.193394313242266	37.0	37.0	37.0	35.0	38.0
17	36.337755562486244	37.0	37.0	37.0	35.0	38.0
18	36.26252322785234	37.0	37.0	37.0	35.0	38.0
19	36.338403349463114	37.0	37.0	37.0	35.0	38.0
20	36.24702178652483	37.0	37.0	37.0	35.0	38.0
21	36.33465169329175	37.0	37.0	37.0	35.0	38.0
22	36.140164639186196	37.0	37.0	37.0	35.0	38.0
23	36.35639453688395	37.0	37.0	37.0	35.0	38.0
24	36.26386100566336	37.0	37.0	37.0	35.0	38.0
25	36.383515083024044	37.0	37.0	37.0	35.0	38.0
26	36.336368597614616	37.0	37.0	37.0	35.0	38.0
27	36.312313063596	37.0	37.0	37.0	35.0	38.0
28	36.24098250090258	37.0	37.0	37.0	35.0	38.0
29	36.37156719170316	37.0	37.0	37.0	35.0	38.0
30	36.10117546455579	37.0	36.0	37.0	35.0	38.0
31	36.16791009877787	37.0	36.0	37.0	35.0	38.0
32	36.25325183891833	37.0	37.0	37.0	35.0	38.0
33	36.35606792217228	37.0	37.0	37.0	35.0	38.0
34	36.235644572036215	37.0	37.0	37.0	35.0	38.0
35	36.212180040859295	37.0	37.0	37.0	35.0	38.0
36	36.214726480273626	37.0	37.0	37.0	35.0	38.0
37	36.18432880114203	37.0	37.0	37.0	35.0	38.0
38	36.22721759955786	37.0	37.0	37.0	35.0	38.0
39	36.00086221839014	37.0	36.0	37.0	35.0	38.0
40	36.00259363919172	37.0	36.0	37.0	35.0	38.0
41	35.88666772330305	37.0	36.0	37.0	34.0	38.0
42	35.84795497910497	37.0	36.0	37.0	34.0	38.0
43	35.94942737830669	37.0	36.0	37.0	35.0	38.0
44	36.22875128762733	37.0	37.0	37.0	35.0	38.0
45	35.65487195288962	37.0	36.0	37.0	34.0	38.0
>>END_MODULE
>>Per sequence quality scores	pass
#Quality	Count
16	3.0
17	9.0
18	52.0
19	137.0
20	438.0
21	1099.0
22	2728.0
23	5503.0
24	10938.0
25	22027.0
26	45276.0
27	88804.0
28	157144.0
29	243266.0
30	340279.0
31	450339.0
32	588261.0
33	791825.0
34	1157973.0
35	2052234.0
36	7289263.0
37	1.4636574E7
38	9319.0
>>END_MODULE
>>Per base sequence content	fail
#Base	G	A	T	C
1	22.787481136728278	28.610201569964833	35.9405461295612	12.66177116374569
2	47.56402129801537	22.453603960866715	14.742109548066248	15.24026519305167
3	41.41319922988485	18.964958527421324	18.017282239788486	21.604560002905338
4	27.937291893653615	32.36460792949868	19.135532372050527	20.562567804797183
5	35.59778874576868	23.197913807203268	22.76404914680633	18.440248300221725
6	25.524625081887383	13.968165548012617	41.67314876434793	18.83406060575207
7	35.235223873555306	22.807837140213106	19.667961245869154	22.288977740362437
8	25.388127287473626	13.28642943975711	45.35004241670575	15.975400856063517
9	26.262603702060815	34.62124550849515	20.929090589628956	18.187060199815075
10	32.141247576361096	37.09136299934633	15.05079088164332	15.716598542649251
11	42.489898449785294	12.20159212054167	18.039018493597663	27.269490936075375
12	47.51978875645217	18.756992446732465	17.107768977357477	16.61544981945788
13	23.934677090078115	22.705393885620126	25.04493969578781	28.314989328513953
14	32.36567627910038	29.44774105184611	21.022997802605634	17.163584866447877
15	46.816026004059516	14.737936531501203	24.012910395475416	14.433127068963866
16	30.740764700378666	17.681920727405	35.58811781856314	15.98919675365319
17	40.9019556711752	17.599722123419344	21.076354517945674	20.421967687459777
18	36.865339082396474	14.434073404724353	32.0406335851036	16.659953927775568
19	36.90067352427589	16.52914145810927	27.459602597025505	19.110582420589342
20	32.75459950148559	11.694432848964027	38.11825939072461	17.43270825882577
21	40.55756423352882	20.149602654818434	24.03195886123634	15.260874250416403
22	36.88184318438348	16.790955539189394	29.72155957060175	16.605641705825374
23	24.382418123614872	18.159003764027158	24.721708235128574	32.736869877229395
24	27.842973442865258	29.423027347779218	22.431203516012957	20.302795693342564
25	21.75138444379843	14.494482733424496	29.23092233419903	34.523210488578044
26	34.07062727293494	15.22481148252019	26.00923484190772	24.695326402637146
27	27.466103803254864	13.290415124855656	30.350593002935245	28.892888068954232
28	26.86978794793584	20.01931072183575	20.886181346456087	32.22471998377232
29	29.120896490846924	21.052883057342125	24.687190317367634	25.139030134443313
30	40.50316306598698	14.69571267713357	18.562407754323125	26.23871650255632
31	29.481063780093702	12.600583190175078	22.20776569218782	35.7105873375434
32	25.448165264584656	14.381935230076543	29.325588902204284	30.844310603134517
33	21.798963531932664	14.023490537836105	50.51405803947341	13.663487890757816
34	33.08926160414538	16.273143291125383	31.541072927309884	19.096522177419356
35	25.358690737452715	18.415206880308286	32.30012650869097	23.925975873548026
36	38.28299876481515	18.579301696257673	18.923644832495732	24.214054706431448
37	28.29880621135142	18.42775083983541	18.816176798759916	34.45726615005326
38	28.12313696659141	21.558095085387166	22.25413929242471	28.064628655596714
39	33.634332330003346	23.108811859516024	19.506379423179702	23.75047638730093
40	30.586280016046764	27.250110578668092	21.498256457279897	20.66535294800525
41	35.330844219028684	26.745205512431863	19.410276524415323	18.51367374412413
42	31.920329405016577	26.37113082260533	23.10254106588393	18.60599870649416
43	27.118104873579078	28.543840704713176	22.440329236545793	21.897725185161953
44	23.82205944069284	13.921635954370304	27.086337797108083	35.16996680782877
45	48.291563955080804	16.373938646946044	16.516023007395233	18.818474390577926
>>END_MODULE
>>Per sequence GC content	fail
#GC Content	Count
0	26.0
1	26.0
2	34.0
3	68.5
4	96.5
5	99.5
6	99.5
7	110.5
8	206.0
9	342.0
10	467.0
11	593.0
12	700.0
13	819.5
14	991.0
15	1463.5
16	2432.5
17	3842.5
18	5810.5
19	9852.0
20	15884.0
21	23957.0
22	36701.5
23	59374.5
24	94653.0
25	142555.5
26	192040.0
27	218629.5
28	238895.0
29	260223.0
30	330804.5
31	442813.5
32	492352.5
33	527426.5
34	650965.5
35	763875.0
36	888413.5
37	1461717.0
38	2021464.0
39	2477868.0
40	3081684.0
41	3009967.5
42	2734223.5
43	3475868.0
44	4240162.5
45	4409464.0
46	4683768.5
47	5162742.5
48	4416461.5
49	3210747.0
50	3027205.0
51	2905392.0
52	2841044.0
53	3269303.0
54	3656599.0
55	3496879.0
56	3446668.5
57	3392185.0
58	3462743.0
59	3293368.0
60	2927427.5
61	3034682.0
62	3086504.5
63	3257850.5
64	3083715.0
65	2675632.0
66	2492209.5
67	2300097.5
68	1825961.5
69	1333577.5
70	1287644.5
71	1221498.0
72	1142326.5
73	1099823.0
74	1063429.0
75	1013512.5
76	930479.5
77	980843.0
78	1067901.0
79	1036298.0
80	1019526.5
81	1040116.0
82	1052931.0
83	864829.5
84	600712.5
85	493663.0
86	420489.5
87	370104.0
88	340329.0
89	311402.5
90	252273.0
91	177706.0
92	134833.5
93	103801.5
94	84169.0
95	76940.0
96	74469.5
97	53878.0
98	26027.0
99	18206.5
100	18183.0
>>END_MODULE
>>Per base N content	pass
#Base	N-Count
1	0.0
2	0.0
3	0.0
4	0.0
5	0.0
6	0.0
7	0.0
8	0.0
9	0.0
10	0.0
11	0.0
12	0.0
13	0.0
14	0.0
15	0.0
16	0.0
17	0.0
18	0.0
19	0.0
20	0.0
21	0.0
22	0.0
23	0.0
24	0.0
25	0.0
26	0.0
27	0.0
28	0.0
29	0.0
30	0.0
31	3.457579732220822E-5
32	3.965536316976421E-5
33	4.563925998678287E-5
34	8.55257624978084E-5
35	3.938625191367952E-5
36	2.357217446237763E-4
37	0.0
38	8.528901034043961E-5
39	1.1111061728614539E-4
40	0.0
41	0.0
42	2.926475236166551E-4
43	4.4806079288837905E-4
44	0.0
45	0.0
>>END_MODULE
>>Sequence Length Distribution	warn
#Length	Count
15	1985723.0
16	1940293.0
17	1254441.0
18	1615205.0
19	1432600.0
20	1866347.0
21	1809250.0
22	4618832.0
23	1816569.0
24	631153.0
25	561917.0
26	466765.0
27	460184.0
28	506757.0
29	526071.0
30	616991.0
31	740939.0
32	661262.0
33	874477.0
34	968758.0
35	417812.0
36	619958.0
37	328703.0
38	272480.0
39	219493.0
40	182074.0
41	156729.0
42	118524.0
43	92129.0
44	72639.0
45	58416.0
>>END_MODULE
>>Sequence Duplication Levels	fail
#Total Deduplicated Percentage	2.8708478891335214
#Duplication Level	Percentage of deduplicated	Percentage of total
1	36.96512369339158	1.0612124732673274
2	7.865280117470819	0.4516004564536992
3	6.316571378519943	0.5440174682575558
4	6.161829885890016	0.7075870528442879
5	5.97026737229351	0.8569864741655778
6	5.657041926178516	0.9744304123505653
7	4.989156597225771	1.002617677999153
8	3.970231490801905	0.9118344555792066
9	3.1543073588847634	0.8149982960639391
>10	15.11930789801681	7.912295577774951
>50	1.7095951933776177	3.467363208993678
>100	1.633219132182722	9.668272361343128
>500	0.23025634417426752	4.577382791397847
>1k	0.19313851820082004	11.365812934519774
>5k	0.03145578472326059	6.363383636747432
>10k+	0.03321730866776318	49.32020472224184
>>END_MODULE
>>Overrepresented sequences	fail
#Sequence	Count	Percentage	Possible Source
TGGAATGTAAGGAAGTGTGTGG	1932420	6.9278528098186065	No Hit
TAGCTTATCAGACTGATGTTGAC	725731	2.601793371794158	No Hit
AGGAGTCTAACGCGTG	722155	2.5889731765737034	No Hit
AGGAGTCTAACGCGTGCGCG	566451	2.030764094748843	No Hit
AGGAGTCTAACGCGTGCG	540737	1.9385777133453823	No Hit
TGAGGTAGTAGGTTGTATGGTT	473063	1.6959619719166739	No Hit
GGTTCCATAGTGTAGCGGTTATCACGTCTGCTTT	347331	1.2452044815760064	No Hit
AACGGGGTGCGGCCG	275724	0.9884886764442644	No Hit
GATTTTTCATGTCATTGGTCGCAGTTGAATGCTGTG	263319	0.9440159354739784	No Hit
GATCTCGGAAGCTAAGCAG	173099	0.6205713010250312	No Hit
AGGAGTCTAACGCGTGCGC	160175	0.5742379109162062	No Hit
GTTTCCGTAGTGTAGTGGTTATCACGTTCGCCT	158393	0.567849323700644	No Hit
AAGCTGCCAGTTGAAGAACTGT	148996	0.5341604605891748	No Hit
AGGAGTCTAACGCGTGC	143449	0.514274100721204	No Hit
AGGAGTCTAACGCGT	139458	0.49996610320307344	No Hit
TGGCTCAGTTCAGCAGGAACAG	138870	0.49785808452588454	No Hit
TGAGGTAGTAGGTTGTGTGGTT	133243	0.4776849193957114	No Hit
TGGAAGTCGGAATCC	118629	0.425292768122857	No Hit
TGAGGTAGTAGATTGTATAGTT	114019	0.408765614888434	No Hit
TGGAATGTAAGGAAGTGTGTGGT	104747	0.37552488499915626	No Hit
TGAGATGAAGCACTGTAGCTC	104395	0.37426294184546494	No Hit
TGAGGTAGTAGGTTGTATAGTT	102266	0.3666303368050991	No Hit
GGTTGGTCCGAGAGTAGTGGTGTTTACAACT	100700	0.36101612379748377	No Hit
ACAGTAGTCTGCACATTGGTT	89658	0.3214298274819742	No Hit
TGGAATGTAAGGAAGTGTGT	89204	0.31980220761897465	No Hit
ACGCCTGTCTGAGCGTCGCT	88222	0.3162816730254381	No Hit
ATCACATTGCCAGGGATTTCC	86350	0.30957042988989797	No Hit
ACTGGACTTGGAGTCAGAAGGC	80941	0.2901788090992268	No Hit
GGTTCCATAGTGTAGCGGTTATCACGTCTGCTT	79242	0.2840877823431997	No Hit
AAACGGGGTGCGGCC	72167	0.25872344196715996	No Hit
TTCACAGTGGCTAAGTTCTGC	71728	0.2571495980908234	No Hit
TGAGGTAGTAGGTTGTATGGT	69469	0.24905093449937837	No Hit
AGCAGGACGGTGGCCATGGA	65504	0.23483614869146355	No Hit
GACTCTTAGCGGTGGATC	63152	0.226404073982708	No Hit
ATAAGTGGGAGGCCC	60864	0.21820144348371454	No Hit
AACGGGGTGCGGCCGG	60551	0.21707931789534698	No Hit
TGAGGTAGTAGTTTGTGCTGTT	60470	0.2167889275673669	No Hit
CGACTCTTAGCGGTG	59175	0.2121462673854628	No Hit
TGGAATGTAAGGAAGTGTGTG	56568	0.20280000090343656	No Hit
GTTTCCGTAGTGTAGTGGTTATCACGTTCGCCTC	56298	0.20183203314350293	No Hit
TGGCAGTGTCTTAGCTGGTTGT	54439	0.1951673958630707	No Hit
GGCTGGTCCGAAGGTAGTGAGTTATCTCAAT	51055	0.18303553327190203	No Hit
TTCAAGTAATCCAGGATAGGCT	50162	0.17983406953256587	No Hit
AGCAGGACGGTGGCCAAGG	48913	0.17535632237642826	No Hit
TCCCTGGTGGTCTAGTGGTTAGGATTCGGCGCT	48763	0.17481856250979844	No Hit
GGCTGGTCCGAAGGTAGTGAGTTATCTCAATT	48384	0.17345982258011378	No Hit
AAGCTGCCAGTTGAAGAAC	47922	0.17180352219089393	No Hit
AAACGGGGTGCGGCCGG	47508	0.17031930495899564	No Hit
GTTTCCGTAGTGTAGTGGTTATCACGTTCGCC	45302	0.16241064985375978	No Hit
CGGGCCGCCGGTGAAATACCACTAC	44858	0.16081888064853553	No Hit
GACTCTTAGCGGTGGAT	44811	0.16065038255699152	No Hit
AGAGGTAGTAGGTTGCATAGTT	44788	0.16056792604410827	No Hit
TTCACAGTGGCTAAGTTCT	44193	0.15843481190647668	No Hit
TGAGAGGTGTAGAATA	43131	0.15462747205073757	No Hit
AGCGTACGCGTTAGG	42897	0.15378856665879506	No Hit
CATGAGAGGTGTAGAATA	42040	0.15071616528745002	No Hit
AACATTCAACGCTGTCGGTGAGT	41098	0.1473390333250148	No Hit
TGAGGTAGTAGGTTGTGTGGT	40752	0.14609860056598867	No Hit
TACGCCTGTCTGAGCGTCGCT	39606	0.14199011518493687	No Hit
AAACGGGGTGCGGCCG	39593	0.14194350932982897	No Hit
TGGAATGTAAGGAAGTGTGTGT	39559	0.14182161709339286	No Hit
CGCGACCTCAGATCAGACG	39268	0.14077836295213103	No Hit
TGAGGTAGTAGATTGTATAGT	39264	0.14076402268902088	No Hit
TGAGGTAGTAGGTTGTGTGGTTT	38340	0.1374514219105812	No Hit
ACTGGACTTGGAGTCAGAAGG	37812	0.13555850718004425	No Hit
CGCGACCTCAGATCAGACGT	37494	0.13441845626278903	No Hit
TGGAATGTAAAGAAGTATGTAT	37411	0.1341208958032539	No Hit
TGGCTCAGTTCAGCAGGAAC	36630	0.1313209594310013	No Hit
GGAGTCTAACGCGTG	36410	0.13053224495994423	No Hit
TGAGGTAGTAGGTTGTATGGTTT	35912	0.12874688220273325	No Hit
TGGCTCAGTTCAGCAGGAACAGT	35237	0.12632696280289907	No Hit
GAGAGGTGTAGAATA	35091	0.1258035431993794	No Hit
TAGCTTATCAGACTGATGTTG	35060	0.12569240616027588	No Hit
GACTCTTAGCGGTGG	35027	0.12557409898961733	No Hit
TGAGGTAGTAGGTTGTATAGT	34403	0.12333701794443729	No Hit
ACATGAGAGGTGTAGAATA	34001	0.12189582150186938	No Hit
TCCCACATGGTCTAGCGGTTAGGATTCCTGGTT	33633	0.12057651729573755	No Hit
CCTGTCTGAGCGTCGCT	33371	0.11963723006202413	No Hit
TAGGTAGTTTCATGTTGTTGGG	33230	0.11913173578739211	No Hit
CGCCTGTCTGAGCGTCGCT	33174	0.11893097210385031	No Hit
TAGATTGAGGCCAGTAATAGGGTATTTAGCTGTT	31719	0.11371470139754108	No Hit
TGGCTCAGTTCAGCAGGAACA	31597	0.11327732337268219	No Hit
AGAGGGACGGCCGGG	31398	0.1125638952829533	No Hit
GTCTGGCACGGTGAAGAGACATGAGAGGTGTAGAATA	31390	0.11253521475673303	No Hit
GACTCTTAGCGGTGGATCACTCGGCTCGTGCG	31355	0.1124097374545194	No Hit
AGGCCCTCGGATCGGCCCCGCCGGG	31086	0.11144535476036327	No Hit
ATAAGTGGGAGGCCCC	30165	0.1081435091792562	No Hit
TCCCTGGTGGTCTAGTGGTTAGGATTCGGC	29367	0.10528262668878557	No Hit
AGTCTAACGCGTGCG	29264	0.10491336491369976	No Hit
GACATGAGAGGTGTAGAATA	28612	0.10257590202674882	No Hit
GTTTCCGTAGTGTAGTGGTTATCACGTTCGCCTG	28503	0.10218512985699782	No Hit
TGAGGTAGTAGTTTGTACAGTT	28417	0.10187681420013006	No Hit
>>END_MODULE
>>Adapter Content	pass
#Position	Illumina Universal Adapter	Illumina Small RNA 3' Adapter	Illumina Small RNA 5' Adapter	Nextera Transposase Sequence	SOLID Small RNA Adapter
1	0.0	0.0	0.0	0.0	0.0
2	0.0	0.0	0.0	0.0	0.0
3	0.0	0.0	0.0	0.0	0.0
4	0.0	0.0	0.0	0.0	0.0
5	0.0	0.0	0.0	0.0	0.0
6	0.0	0.0	0.0	0.0	0.0
7	0.0	0.0	0.0	0.0	0.0
8	0.0	0.0	0.0	0.0	0.0
9	0.0	0.0	0.0	0.0	0.0
10	0.0	0.0	0.0	0.0	0.0
11	0.0	0.0	1.4340263110128453E-5	0.0	0.0
12	0.0	0.0	1.4340263110128453E-5	0.0	0.0
13	0.0	0.0	1.4340263110128453E-5	0.0	0.0
14	0.0	0.0	1.4340263110128453E-5	0.0	0.0
15	0.0	0.0	1.4340263110128453E-5	0.0	0.0
16	0.0	0.0	1.4340263110128453E-5	0.0	0.0
17	0.0	0.0	1.4340263110128453E-5	0.0	0.0
18	0.0	0.0	1.4340263110128453E-5	0.0	0.0
19	0.0	0.0	1.4340263110128453E-5	1.7925328887660567E-5	0.0
20	0.0	0.0	1.4340263110128453E-5	1.7925328887660567E-5	0.0
21	0.0	0.0	1.4340263110128453E-5	1.7925328887660567E-5	0.0
22	0.0	0.0	1.4340263110128453E-5	1.7925328887660567E-5	0.0
23	0.0	0.0	1.4340263110128453E-5	1.7925328887660567E-5	0.0
24	0.0	0.0	1.4340263110128453E-5	1.7925328887660567E-5	0.0
25	0.0	0.0	1.4340263110128453E-5	1.7925328887660567E-5	0.0
26	0.0	0.0	1.4340263110128453E-5	1.7925328887660567E-5	0.0
27	0.0	0.0	1.4340263110128453E-5	1.7925328887660567E-5	0.0
28	0.0	0.0	1.4340263110128453E-5	1.7925328887660567E-5	0.0
29	0.0	0.0	1.4340263110128453E-5	1.7925328887660567E-5	0.0
30	0.0	0.0	1.4340263110128453E-5	1.7925328887660567E-5	0.0
31	0.0	0.0	1.4340263110128453E-5	1.7925328887660567E-5	0.0
32	0.0	0.0	1.4340263110128453E-5	1.7925328887660567E-5	0.0
33	0.0	0.0	1.4340263110128453E-5	1.7925328887660567E-5	0.0
34	0.0	0.0	1.7925328887660567E-5	2.151039466519268E-5	0.0
>>END_MODULE
