##FastQC	0.11.8
>>Basic Statistics	pass
#Measure	Value
Filename	damaged_muscle_exosome_2.fq.gz
File type	Conventional base calls
Encoding	Illumina 1.5
Total Sequences	28041846
Sequences flagged as poor quality	0
Sequence length	15-45
%GC	54
>>END_MODULE
>>Per base sequence quality	pass
#Base	Mean	Median	Lower Quartile	Upper Quartile	10th Percentile	90th Percentile
1	36.45845794174891	37.0	37.0	37.0	35.0	38.0
2	36.123757330384024	37.0	37.0	37.0	35.0	38.0
3	35.881210245573705	37.0	36.0	37.0	34.0	38.0
4	36.09717052864494	37.0	37.0	37.0	35.0	38.0
5	36.22547402906356	37.0	37.0	37.0	35.0	38.0
6	36.38609027380009	37.0	37.0	37.0	35.0	38.0
7	36.46341128897149	37.0	37.0	37.0	35.0	38.0
8	36.39365493270307	37.0	37.0	37.0	35.0	38.0
9	36.403047502650146	37.0	37.0	37.0	35.0	38.0
10	36.333014666723436	37.0	37.0	37.0	35.0	38.0
11	36.12044214207581	37.0	37.0	37.0	35.0	38.0
12	35.91555509576652	37.0	36.0	37.0	35.0	38.0
13	36.183714010839374	37.0	37.0	37.0	35.0	38.0
14	36.41851278264633	37.0	37.0	37.0	35.0	38.0
15	36.11154536687777	37.0	37.0	37.0	35.0	38.0
16	36.18530391735676	37.0	37.0	37.0	35.0	38.0
17	36.31794047647776	37.0	37.0	37.0	35.0	38.0
18	36.27878893741965	37.0	37.0	37.0	35.0	38.0
19	36.345727919510544	37.0	37.0	37.0	35.0	38.0
20	36.19544173610382	37.0	37.0	37.0	35.0	38.0
21	36.32882298848618	37.0	37.0	37.0	35.0	38.0
22	36.08222923801181	37.0	37.0	37.0	35.0	38.0
23	36.30715633299873	37.0	37.0	37.0	35.0	38.0
24	36.22714795563124	37.0	37.0	37.0	35.0	38.0
25	36.34823561213878	37.0	37.0	37.0	35.0	38.0
26	36.30550992807432	37.0	37.0	37.0	35.0	38.0
27	36.30331643439807	37.0	37.0	37.0	35.0	38.0
28	36.25287834642654	37.0	37.0	37.0	35.0	38.0
29	36.352140253554296	37.0	37.0	37.0	35.0	38.0
30	36.04844156378992	37.0	36.0	37.0	35.0	38.0
31	36.1711016537462	37.0	37.0	37.0	35.0	38.0
32	36.26641490414817	37.0	37.0	37.0	35.0	38.0
33	36.36436136936915	37.0	37.0	37.0	35.0	38.0
34	36.24880181412048	37.0	37.0	37.0	35.0	38.0
35	36.169616772405305	37.0	37.0	37.0	35.0	38.0
36	36.185639305876634	37.0	37.0	37.0	35.0	38.0
37	36.13911897660633	37.0	37.0	37.0	35.0	38.0
38	36.102284783267656	37.0	37.0	37.0	35.0	38.0
39	35.83547995403196	37.0	36.0	37.0	34.0	38.0
40	35.65443972265712	37.0	36.0	37.0	34.0	38.0
41	35.366943077075554	37.0	36.0	37.0	33.0	38.0
42	34.96195814203089	37.0	36.0	37.0	31.0	38.0
43	34.73855859709153	37.0	35.0	37.0	29.0	38.0
44	35.011126564673155	37.0	36.0	37.0	30.0	38.0
45	33.662739322533135	37.0	35.0	37.0	24.0	38.0
>>END_MODULE
>>Per sequence quality scores	pass
#Quality	Count
16	1.0
17	17.0
18	61.0
19	216.0
20	587.0
21	1598.0
22	3678.0
23	7288.0
24	14059.0
25	27041.0
26	53206.0
27	99791.0
28	170847.0
29	261198.0
30	363868.0
31	475622.0
32	613293.0
33	811153.0
34	1159295.0
35	2029678.0
36	7503700.0
37	1.4438584E7
38	7065.0
>>END_MODULE
>>Per base sequence content	fail
#Base	G	A	T	C
1	20.06508416029387	30.24718130183013	36.15753042791833	13.530204109957669
2	50.07808330450142	19.935074887723157	15.294528042126757	14.692313765648668
3	42.89462969021369	20.196255981150458	16.036800858260186	20.872313470375666
4	28.67879311511803	35.77911382866877	16.62923332508138	18.912859731131825
5	37.605109877573675	24.577550992898257	20.084127129148342	17.73321200037972
6	25.043597343769736	14.500714396619966	42.85635118315677	17.599337076453526
7	34.94472867442464	21.85749825457283	18.91352659165163	24.284246479350895
8	25.697445168196133	12.662828973527635	45.325860501480534	16.3138653567957
9	26.547892032500286	34.96310834885835	20.94041882977319	17.54858078886818
10	30.282285980744632	39.18310156899086	14.156154341622159	16.37845810864235
11	42.443885470307485	11.863088471422316	16.49051920476277	29.202506853507433
12	49.96803705433658	17.167585900015283	16.050166597448683	16.81421044819945
13	23.684392960434916	23.784871366885046	23.74569420287095	28.785041469809087
14	33.96555276710385	27.686971820614094	20.369764529767405	17.977710882514653
15	46.32818752374576	13.67534077464087	24.198745688853723	15.797726012759645
16	31.769506498195366	16.53859965623425	35.47210844930036	16.219785396270023
17	40.31642991546913	17.2174792586714	20.27881468669481	22.187276139164663
18	35.13062486403457	13.097348280826926	34.18544566787357	17.586581187264922
19	40.25995662046776	15.143125307862743	24.075535204070235	20.52138286759926
20	34.75930472000308	10.92209548108573	37.5062478985085	16.81235190040269
21	40.92050238109028	17.330293541256	25.630972424452526	16.1182316532012
22	39.61349654604725	15.07221997186724	29.339837348017454	15.974446134068055
23	25.060802196563724	15.86592723500064	26.22660622574703	32.846664342688605
24	28.177223711026645	26.965880548206115	23.179097158912565	21.677798581854674
25	24.075358640601006	14.143561364054468	26.366423505648516	35.41465648969601
26	35.15526801384924	15.8436830595601	22.849387463933233	26.151661462657426
27	26.10922203233555	12.35877790306383	29.397962584494675	32.134037480105945
28	27.53533210467396	17.8399834114689	22.587493094901713	32.03719138895543
29	28.661118495342187	19.86081841694395	23.602880623913002	27.875182463800858
30	42.8709608271111	13.477513893772697	16.58915931983607	27.062365959280132
31	26.414197916332583	10.862690128205854	22.523813386811657	40.19929856864991
32	24.025886856335344	10.954286435444834	30.252510190678834	34.76731651754099
33	18.495636597488282	12.240593931449089	56.73633247639118	12.527436994671442
34	32.46730323360383	13.019124756431443	33.55434353649212	20.95922847347261
35	24.966314265582312	16.9917574682063	33.73669224630624	24.305236019905145
36	42.07491308558094	16.09008143762005	17.633903767085233	24.201101709713775
37	29.131033658960853	17.931039631494663	18.158742483006275	34.779184226538206
38	31.314375209189826	19.882664241643457	20.199053988342204	28.60390656082451
39	35.71451803506186	20.93411537669265	17.110270281990957	26.24109630625454
40	33.411615596809064	23.111906359501976	20.906955938268844	22.569522105420113
41	39.90551389210083	19.310185338134726	20.119594304403847	20.6647064653606
42	37.25326495318743	22.642972150992904	20.44248315343789	19.661279742381776
43	27.804512886322318	30.23206074216661	21.28114640145439	20.682279970056676
44	25.61427909133055	20.630505331478908	24.362540565600373	29.392675011590168
45	30.09327442317133	23.171330387825233	27.491408934707906	19.243986254295535
>>END_MODULE
>>Per sequence GC content	fail
#GC Content	Count
0	19.0
1	19.0
2	33.0
3	146.5
4	246.0
5	249.0
6	254.0
7	262.5
8	451.0
9	691.5
10	830.5
11	948.5
12	1026.0
13	1088.0
14	1237.0
15	1683.5
16	2737.0
17	4246.0
18	6035.5
19	10978.0
20	16823.5
21	24538.0
22	41518.5
23	71156.0
24	106027.0
25	147948.5
26	188988.5
27	205925.0
28	219002.5
29	230788.0
30	308281.0
31	443179.5
32	507042.5
33	537845.0
34	653644.0
35	763509.5
36	890321.5
37	1376544.5
38	1861999.5
39	2377411.0
40	2976409.0
41	2978984.0
42	2821977.0
43	3758368.0
44	4710069.0
45	4818302.0
46	4898443.5
47	5169129.0
48	4224262.5
49	2971934.0
50	2925962.0
51	2889284.5
52	2841031.5
53	3348838.0
54	3836233.0
55	3712010.5
56	3698730.0
57	3681598.0
58	3874406.0
59	3728083.0
60	3293775.5
61	3420550.0
62	3503772.0
63	3730720.5
64	3553630.0
65	3103313.5
66	2933796.0
67	2750303.5
68	2190802.5
69	1592230.5
70	1507618.5
71	1380113.0
72	1235013.0
73	1161320.0
74	1106075.0
75	1037804.0
76	958063.5
77	1000796.5
78	1077590.0
79	1064441.0
80	1061623.0
81	1087852.5
82	1101428.0
83	925209.0
84	667334.5
85	549524.5
86	466712.0
87	408690.0
88	376224.0
89	345965.0
90	280495.0
91	195724.5
92	145901.0
93	113878.0
94	94598.5
95	86490.5
96	83985.5
97	61302.0
98	30422.5
99	21938.5
100	21928.0
>>END_MODULE
>>Per base N content	pass
#Base	N-Count
1	0.0
2	0.0
3	0.0
4	0.0
5	0.0
6	0.0
7	0.0
8	0.0
9	0.0
10	0.0
11	0.0
12	0.0
13	0.0
14	0.0
15	0.0
16	0.0
17	0.0
18	0.0
19	0.0
20	0.0
21	0.0
22	0.0
23	0.0
24	0.0
25	0.0
26	0.0
27	0.0
28	0.0
29	0.0
30	0.0
31	3.144303073084609E-5
32	4.019197293954846E-5
33	1.0297712002858645E-4
34	1.5415707681184666E-4
35	0.0
36	1.984343529551836E-4
37	0.0
38	0.0018945134889360412
39	0.0010841518679936687
40	0.0
41	0.0
42	0.011925347325740862
43	0.0106928999144568
44	0.0
45	0.0
>>END_MODULE
>>Sequence Length Distribution	warn
#Length	Count
15	2227756.0
16	2359228.0
17	1528332.0
18	1962276.0
19	1626088.0
20	2125215.0
21	2005316.0
22	5059528.0
23	1747314.0
24	741968.0
25	668892.0
26	541069.0
27	539448.0
28	558553.0
29	562835.0
30	607673.0
31	692296.0
32	545880.0
33	644801.0
34	569325.0
35	224108.0
36	236052.0
37	109541.0
38	66114.0
39	38586.0
40	23383.0
41	13498.0
42	7419.0
43	5038.0
44	2277.0
45	2037.0
>>END_MODULE
>>Sequence Duplication Levels	fail
#Total Deduplicated Percentage	2.4778943253150203
#Duplication Level	Percentage of deduplicated	Percentage of total
1	41.224640556550995	1.0215030289822915
2	6.537449975724652	0.32398220393757865
3	4.055732627520022	0.3014903058818052
4	3.6085663254902327	0.3576658408182049
5	3.6004036387866	0.4460709872696433
6	3.520191097206419	0.5233596926275343
7	3.700288816476835	0.6418247262262207
8	3.5956650112471342	0.7127742341682435
9	3.4305271858773674	0.7650435462051992
>10	22.462036783934796	9.681254700526654
>50	1.8977576336669175	3.311734219757446
>100	1.823142865196456	9.399052687878836
>500	0.2525294274217396	4.346011614964407
>1k	0.21761285139842396	10.879967128515997
>5k	0.03303310926687128	5.87868632851518
>10k+	0.0404220942344609	51.40957875372474
>>END_MODULE
>>Overrepresented sequences	fail
#Sequence	Count	Percentage	Possible Source
TGGAATGTAAGGAAGTGTGTGG	2197217	7.835493426502663	No Hit
AGGAGTCTAACGCGTG	887025	3.1632189977792478	No Hit
AGGAGTCTAACGCGTGCG	685275	2.443758517181786	No Hit
AGGAGTCTAACGCGTGCGCG	670317	2.3904168077950363	No Hit
TAGCTTATCAGACTGATGTTGAC	528992	1.8864378614731712	No Hit
TGAGGTAGTAGGTTGTATGGTT	491397	1.7523703681990122	No Hit
AACGGGGTGCGGCCG	214294	0.7641936269102968	No Hit
AGGAGTCTAACGCGTGCGC	202495	0.7221172243795932	No Hit
GGTTCCATAGTGTAGCGGTTATCACGTCTGCTTT	171715	0.6123526960386274	No Hit
AGGAGTCTAACGCGTGC	171101	0.6101631112302663	No Hit
GTTTCCGTAGTGTAGTGGTTATCACGTTCGCCT	152030	0.5421540365067264	No Hit
TGAGGTAGTAGGTTGTGTGGTT	147299	0.5252828219654299	No Hit
TGGAAGTCGGAATCC	145916	0.5203509069980629	No Hit
AGGAGTCTAACGCGT	139864	0.4987688756296572	No Hit
TGAGGTAGTAGATTGTATAGTT	138801	0.4949781123539442	No Hit
TGGAATGTAAGGAAGTGTGTGGT	126613	0.45151449729807375	No Hit
GATCTCGGAAGCTAAGCAG	121491	0.4332489380335374	No Hit
TGAGGTAGTAGGTTGTATAGTT	120880	0.4310700515222856	No Hit
ACAGTAGTCTGCACATTGGTT	116504	0.4154648021389176	No Hit
AAGCTGCCAGTTGAAGAACTGT	112236	0.4002446914514829	No Hit
ATCACATTGCCAGGGATTTCC	110138	0.3927630156730766	No Hit
GGTTGGTCCGAGAGTAGTGGTGTTTACAACT	106434	0.37955418484218195	No Hit
TGGAATGTAAGGAAGTGTGT	101930	0.36349247478215235	No Hit
AGCAGGACGGTGGCCATGGA	98179	0.35011603729654606	No Hit
TGAGATGAAGCACTGTAGCTC	93568	0.33367275463961965	No Hit
ATAAGTGGGAGGCCC	93464	0.3333018803398321	No Hit
TGGCTCAGTTCAGCAGGAACAG	92418	0.3295717407477382	No Hit
GATTTTTCATGTCATTGGTCGCAGTTGAATGCTGTG	84848	0.3025763710420491	No Hit
AGCAGGACGGTGGCCAAGG	81258	0.2897740755013061	No Hit
ACGCCTGTCTGAGCGTCGCT	79166	0.2823137963171184	No Hit
TGAGGTAGTAGGTTGTATGGT	78697	0.280641295869038	No Hit
TGAGGTAGTAGTTTGTGCTGTT	76835	0.2740012194632265	No Hit
TTCACAGTGGCTAAGTTCTGC	75887	0.2706205575767016	No Hit
TGGAATGTAAGGAAGTGTGTG	71152	0.2537350786392593	No Hit
TGAGAGGTGTAGAATA	67522	0.24079013913705966	No Hit
AGTCTAACGCGTGCGCG	66828	0.23831526640578513	No Hit
CATGAGAGGTGTAGAATA	66399	0.23678540991916153	No Hit
ACTGGACTTGGAGTCAGAAGGC	63990	0.22819467734042903	No Hit
CGACTCTTAGCGGTG	61393	0.21893351814284978	No Hit
AACGGGGTGCGGCCGG	59367	0.21170860149506565	No Hit
AAACGGGGTGCGGCC	56719	0.20226557124662908	No Hit
TGGCAGTGTCTTAGCTGGTTGT	53527	0.19088258312238074	No Hit
AGAGGTAGTAGGTTGCATAGTT	53484	0.19072924086381476	No Hit
TTCACAGTGGCTAAGTTCT	53250	0.18989477368929278	No Hit
GACTCTTAGCGGTGGATC	52702	0.18794055141733537	No Hit
TTCAAGTAATCCAGGATAGGCT	51658	0.1842175440233143	No Hit
TGGAATGTAAGGAAGTGTGTGT	48684	0.17361196548900526	No Hit
ATAAGTGGGAGGCCCC	48012	0.17121554693653193	No Hit
CGCGACCTCAGATCAGACG	47437	0.1691650399905912	No Hit
AGCGTACGCGTTAGG	47226	0.16841259309390688	No Hit
TGAGGTAGTAGATTGTATAGT	46869	0.16713949573790543	No Hit
AAGCTGCCAGTTGAAGAAC	46672	0.16643697422773093	No Hit
CGCCTGTCTGAGCGTCGCT	46654	0.16637278444507542	No Hit
GTTTCCGTAGTGTAGTGGTTATCACGTTCGCC	46252	0.1649392126324351	No Hit
TGAGGTAGTAGGTTGTGTGGTTT	46198	0.1647466432844685	No Hit
GGTTCCATAGTGTAGCGGTTATCACGTCTGCTT	46125	0.16448631805480993	No Hit
CGGGCCGCCGGTGAAATACCACTAC	46074	0.16430444700395258	No Hit
TGAGGTAGTAGGTTGTGTGGT	44651	0.15922988807512886	No Hit
GTTTCCGTAGTGTAGTGGTTATCACGTTCGCCTC	44290	0.15794252632298172	No Hit
AGAGGGACGGCCGGG	44256	0.1578212789557435	No Hit
TAGGTAGTTTCATGTTGTTGGG	43491	0.15509321319288324	No Hit
AAACGGGGTGCGGCCGG	43114	0.1537487938561534	No Hit
GGAGTCTAACGCGTG	42329	0.15094940611256477	No Hit
TGAGGTAGTAGGTTGTATAGT	39815	0.1419842331350083	No Hit
GACTCTTAGCGGTGGAT	39667	0.14145645047761835	No Hit
TGAGGTAGTAGGTTGTATGGTTT	39374	0.14041158345994767	No Hit
AGGCCCTCGGATCGGCCCCGCCGGG	39128	0.13953432309698868	No Hit
CCTGTCTGAGCGTCGCT	38075	0.13577922081163987	No Hit
CAGGACGGTGGCCATGGA	37876	0.13506956710339255	No Hit
TACGCCTGTCTGAGCGTCGCT	37002	0.13195279654556266	No Hit
TGAGGTAGTAGTTTGTACAGTT	36635	0.13064403819919704	No Hit
AACATTCAACGCTGTCGGTGAGT	36185	0.12903929363280864	No Hit
TGGAATGTAAAGAAGTATGTAT	35942	0.12817273156695888	No Hit
GAGAGGTGTAGAATA	35316	0.1259403535701608	No Hit
TAGGTAGTTTCATGTTGTTGG	34884	0.12439979878642797	No Hit
CGCGACCTCAGATCAGACGT	34022	0.1213258214170351	No Hit
ACATGAGAGGTGTAGAATA	33281	0.11868334203104888	No Hit
GGCTGGTCCGAAGGTAGTGAGTTATCTCAAT	33254	0.11858705735706557	No Hit
ATCACATTGCCAGGGATTTC	33207	0.1184194507023539	No Hit
GACTCTTAGCGGTGG	30503	0.1087767189078779	No Hit
AGCTCGTAGTTGGATCTTGGG	30354	0.1082453701514515	No Hit
TCCCTGGTGGTCTAGTGGTTAGGATTCGGCGCT	30155	0.10753571644320421	No Hit
AAACGGGGTGCGGCCG	30110	0.10737524198656537	No Hit
TTCACAGTGGCTAAGTTCTG	30001	0.10698653719159573	No Hit
CAGGACGGTGGCCAAGG	29583	0.10549590779437275	No Hit
AGAGGGACGGCCGGGG	29518	0.10526411135700553	No Hit
TCCCTGGTCTAGTGGTTAGGATTCGGCGCT	29116	0.10383053954436522	No Hit
TGGGTCAGTCGGTCC	28761	0.10256457438643661	No Hit
ATCACATTGCCAGGGATTACC	28638	0.10212594420495713	No Hit
ACTGGACTTGGAGTCAGAAGG	28541	0.10178003259842451	No Hit
CCGGGTGCTGTAGGCTT	28262	0.10078509096726372	No Hit
>>END_MODULE
>>Adapter Content	pass
#Position	Illumina Universal Adapter	Illumina Small RNA 3' Adapter	Illumina Small RNA 5' Adapter	Nextera Transposase Sequence	SOLID Small RNA Adapter
1	0.0	1.783049518209322E-5	0.0	0.0	0.0
2	0.0	1.783049518209322E-5	0.0	0.0	0.0
3	0.0	1.783049518209322E-5	0.0	0.0	0.0
4	0.0	1.783049518209322E-5	0.0	0.0	0.0
5	0.0	1.783049518209322E-5	0.0	0.0	0.0
6	0.0	1.783049518209322E-5	0.0	0.0	0.0
7	0.0	1.783049518209322E-5	0.0	0.0	0.0
8	0.0	1.783049518209322E-5	0.0	0.0	0.0
9	0.0	1.783049518209322E-5	0.0	0.0	0.0
10	0.0	1.783049518209322E-5	0.0	0.0	0.0
11	0.0	1.783049518209322E-5	0.0	0.0	0.0
12	0.0	1.783049518209322E-5	0.0	0.0	0.0
13	0.0	1.783049518209322E-5	0.0	0.0	0.0
14	0.0	1.783049518209322E-5	0.0	0.0	0.0
15	0.0	1.783049518209322E-5	0.0	0.0	0.0
16	0.0	1.783049518209322E-5	0.0	0.0	0.0
17	0.0	1.783049518209322E-5	0.0	0.0	0.0
18	0.0	1.783049518209322E-5	0.0	0.0	0.0
19	0.0	1.783049518209322E-5	0.0	0.0	0.0
20	0.0	1.783049518209322E-5	0.0	0.0	0.0
21	0.0	1.783049518209322E-5	0.0	0.0	0.0
22	0.0	1.783049518209322E-5	0.0	0.0	0.0
23	0.0	1.783049518209322E-5	0.0	0.0	0.0
24	0.0	1.783049518209322E-5	0.0	0.0	0.0
25	0.0	1.783049518209322E-5	0.0	0.0	0.0
26	0.0	1.783049518209322E-5	0.0	0.0	0.0
27	0.0	1.783049518209322E-5	0.0	0.0	0.0
28	0.0	1.783049518209322E-5	0.0	0.0	0.0
29	0.0	1.783049518209322E-5	0.0	0.0	0.0
30	0.0	1.783049518209322E-5	0.0	0.0	0.0
31	0.0	1.783049518209322E-5	0.0	0.0	0.0
32	0.0	1.783049518209322E-5	0.0	0.0	0.0
33	0.0	1.783049518209322E-5	0.0	0.0	0.0
34	0.0	2.1396594218511862E-5	0.0	0.0	0.0
>>END_MODULE
