##FastQC	0.11.8
>>Basic Statistics	pass
#Measure	Value
Filename	muscle_exosome_2.fq.gz
File type	Conventional base calls
Encoding	Illumina 1.5
Total Sequences	28303333
Sequences flagged as poor quality	0
Sequence length	15-45
%GC	50
>>END_MODULE
>>Per base sequence quality	pass
#Base	Mean	Median	Lower Quartile	Upper Quartile	10th Percentile	90th Percentile
1	36.37116162255519	37.0	37.0	37.0	35.0	38.0
2	36.20305343543815	37.0	37.0	37.0	35.0	38.0
3	36.10909503131663	37.0	36.0	37.0	35.0	38.0
4	36.34169155978909	37.0	37.0	37.0	35.0	38.0
5	36.323452824442974	37.0	37.0	37.0	35.0	38.0
6	36.46440728376407	37.0	37.0	37.0	35.0	38.0
7	36.4441560999194	37.0	37.0	37.0	35.0	38.0
8	36.39190133543636	37.0	37.0	37.0	35.0	38.0
9	36.451625149589276	37.0	37.0	37.0	35.0	38.0
10	36.34878499998569	37.0	37.0	37.0	35.0	38.0
11	36.17835722739792	37.0	37.0	37.0	35.0	38.0
12	36.068291356357214	37.0	36.0	37.0	35.0	38.0
13	36.24846540158362	37.0	37.0	37.0	35.0	38.0
14	36.50838259932143	37.0	37.0	37.0	35.0	38.0
15	36.28767325742166	37.0	37.0	37.0	35.0	38.0
16	36.241292781906346	37.0	37.0	37.0	35.0	38.0
17	36.38179337239385	37.0	37.0	37.0	35.0	38.0
18	36.33600900714667	37.0	37.0	37.0	35.0	38.0
19	36.377263587791084	37.0	37.0	37.0	35.0	38.0
20	36.333840538777984	37.0	37.0	37.0	35.0	38.0
21	36.47405202574065	37.0	37.0	37.0	35.0	38.0
22	36.292421653323736	37.0	37.0	37.0	35.0	38.0
23	36.44974833685203	37.0	37.0	37.0	35.0	38.0
24	36.38337288567786	37.0	37.0	37.0	35.0	38.0
25	36.5120517238154	37.0	37.0	37.0	35.0	38.0
26	36.45621813653297	37.0	37.0	37.0	35.0	38.0
27	36.49822721488666	37.0	37.0	37.0	35.0	38.0
28	36.462023603710215	37.0	37.0	37.0	35.0	38.0
29	36.53215035703383	37.0	37.0	37.0	36.0	38.0
30	36.17802942865091	37.0	37.0	37.0	35.0	38.0
31	36.32319125836356	37.0	37.0	37.0	35.0	38.0
32	36.41763065962907	37.0	37.0	37.0	35.0	38.0
33	36.42845279889378	37.0	37.0	37.0	35.0	38.0
34	36.329830998302285	37.0	37.0	37.0	35.0	38.0
35	36.32743443051401	37.0	37.0	37.0	35.0	38.0
36	36.32442153768295	37.0	37.0	37.0	35.0	38.0
37	36.32211094436496	37.0	37.0	37.0	35.0	38.0
38	36.343210595585674	37.0	37.0	37.0	35.0	38.0
39	36.302125696557546	37.0	37.0	37.0	35.0	38.0
40	36.26221304046112	37.0	37.0	37.0	35.0	38.0
41	36.16130241664627	37.0	36.0	37.0	35.0	38.0
42	36.092713947327155	37.0	36.0	37.0	35.0	38.0
43	36.110239618583115	37.0	36.0	37.0	35.0	38.0
44	36.17026718936803	37.0	37.0	37.0	35.0	38.0
45	36.07513038885588	37.0	36.0	37.0	35.0	38.0
>>END_MODULE
>>Per sequence quality scores	pass
#Quality	Count
16	1.0
17	5.0
18	26.0
19	88.0
20	261.0
21	735.0
22	1999.0
23	4023.0
24	8467.0
25	18009.0
26	39421.0
27	80773.0
28	144702.0
29	226248.0
30	319305.0
31	425404.0
32	560357.0
33	764460.0
34	1138140.0
35	2065666.0
36	7313085.0
37	1.5182054E7
38	10104.0
>>END_MODULE
>>Per base sequence content	fail
#Base	G	A	T	C
1	25.634461496107193	14.40184800850133	40.2107765894568	19.752913905934683
2	40.929592991751186	21.50098364740294	18.06084816936578	19.508575191480098
3	31.972510092715932	21.22181511272895	25.90312596753181	20.902548827023303
4	29.5342848843986	26.308661244949487	26.16336033639572	17.993693534256195
5	32.369625867031274	25.415614479043864	25.334101110989295	16.88065854293556
6	29.18311069583218	17.096555377417918	36.71077183736629	17.009562089383607
7	36.32058104252245	26.669830722763287	24.798648272272388	12.210939962441879
8	25.8891982792274	14.029107455295106	43.90275519847786	16.178939066999636
9	25.99200595915682	27.630657491822607	27.116283442660272	19.2610531063603
10	35.30183529975074	31.084381475496194	19.240769276183833	14.373013948569238
11	42.552688052675634	15.287510485072552	23.574223572891576	18.585577889360238
12	42.99761091741386	20.787272650892387	20.391983516570292	15.823132915123459
13	24.538742486618094	26.53023938912071	30.557948775856186	18.37306934840501
14	27.013793746482083	30.745537990172394	26.802225024169413	15.438443239176106
15	48.72790776973157	14.610452415621863	22.542203775081894	14.11943603956467
16	22.42500683933864	20.49419668807336	41.64005602604733	15.440740446540666
17	42.82118399026024	17.74005478618171	26.27455866686958	13.164202556688478
18	33.9764227716607	13.188858662687904	38.39344951482337	14.441269050828026
19	40.331517795962604	14.962711227918163	31.362083649298565	13.343687326820664
20	31.513289141910512	13.617255892508725	41.76526753467587	13.10418743090489
21	37.4686981003696	18.706309769347225	29.642907263903034	14.182084866380142
22	36.44730266568442	17.06930670439527	33.463787716525296	13.01960291339502
23	24.414788091630665	15.935849918884893	30.005533855323367	29.643828134161076
24	24.62998725031874	28.267556311092225	30.137654058648533	16.9648023799405
25	22.288096208380086	14.125415543481171	33.57567485581838	30.01081339232036
26	32.36336145585154	18.17854691088395	24.97497713558707	24.483114497677438
27	22.090381961766813	13.217552590053284	35.519446838080555	29.172618610099356
28	25.489307616578603	17.6064311467276	24.956756724035145	31.947504512658647
29	27.229352169659588	21.731136119572437	27.983178298429756	23.056333412338223
30	42.0881982457528	16.419553598380595	17.72771933336239	23.76452882250421
31	24.76363588890849	13.76051877599808	27.208415445845514	34.26742988924792
32	24.790483413407888	12.760835761021507	36.560928855031776	25.88775197053883
33	25.90194622476724	13.353182405482839	47.355818990626375	13.389052379123545
34	29.393689642703418	15.384309458089563	37.159955615051395	18.062045284155623
35	33.41210686655574	18.60727150733488	26.997139923482788	20.983481702626595
36	34.93915315165579	18.917978746753093	24.28898364134986	21.853884460241257
37	32.20416586011847	19.153013680724058	22.53058752184823	26.112232937309244
38	33.31171293149012	20.39412164596182	22.28294424489171	24.011221177656356
39	33.392940425014196	21.403043636953527	22.728678319409525	22.47533761862276
40	34.36858279871408	19.85331605557208	22.879048590163006	22.899052555550835
41	37.333142403374254	19.734433784188397	21.506177018107973	21.42624679432938
42	34.00997004035886	19.43621402573393	24.68286523113492	21.870950702772298
43	34.08433916510255	19.19140715978682	22.54456028825472	24.179693386855913
44	33.86159535129424	18.0026135068257	24.248616787610867	23.88717435426919
45	35.60441011421403	24.28533703043507	17.888030633128675	22.22222222222222
>>END_MODULE
>>Per sequence GC content	fail
#GC Content	Count
0	27.0
1	27.5
2	37.5
3	94.0
4	140.5
5	141.0
6	150.5
7	184.5
8	256.0
9	382.0
10	581.0
11	770.0
12	879.0
13	1205.0
14	1787.0
15	2874.0
16	4592.5
17	7129.0
18	11957.0
19	22351.0
20	42875.0
21	69841.0
22	97212.5
23	146404.5
24	243258.0
25	337370.5
26	401862.5
27	433986.0
28	472240.5
29	507164.0
30	595048.5
31	758873.5
32	818626.5
33	855695.5
34	953710.0
35	1010945.5
36	1153685.0
37	1795630.5
38	2428587.0
39	3012228.0
40	3672613.0
41	3569446.5
42	3333054.0
43	4389232.5
44	5439083.0
45	5660137.0
46	6060300.5
47	6731033.5
48	5961804.5
49	4557166.5
50	3964036.5
51	3503696.0
52	3369189.5
53	3315407.0
54	3260388.5
55	3111108.5
56	2991011.0
57	2832006.0
58	2630553.0
59	2464141.5
60	2292574.0
61	2148129.5
62	2015423.0
63	1955578.5
64	1846695.0
65	1679585.0
66	1606528.5
67	1543347.5
68	1311401.0
69	1061599.5
70	980819.5
71	860097.5
72	733853.5
73	683352.5
74	605805.0
75	501536.5
76	417961.0
77	347553.5
78	290216.0
79	258360.5
80	252414.0
81	255004.0
82	252022.0
83	219860.5
84	178797.5
85	154974.5
86	133675.0
87	121331.5
88	113593.0
89	104537.0
90	86728.5
91	62547.5
92	46164.0
93	36240.0
94	29754.0
95	25990.0
96	24542.5
97	18149.0
98	8891.5
99	5888.0
100	5885.0
>>END_MODULE
>>Per base N content	pass
#Base	N-Count
1	0.0
2	0.0
3	0.0
4	0.0
5	0.0
6	0.0
7	0.0
8	0.0
9	0.0
10	0.0
11	0.0
12	0.0
13	0.0
14	0.0
15	0.0
16	0.0
17	0.0
18	0.0
19	0.0
20	0.0
21	0.0
22	0.0
23	0.0
24	0.0
25	0.0
26	0.0
27	0.0
28	0.0
29	0.0
30	0.0
31	3.0360494438868233E-5
32	5.5063461557168995E-5
33	8.743435046441849E-5
34	8.461790362528485E-5
35	8.471783454437478E-5
36	1.5981461504654599E-4
37	0.0
38	4.727470765320787E-4
39	3.801997062323603E-4
40	0.0
41	2.603583572429091E-4
42	0.0
43	0.0
44	0.0
45	0.0
>>END_MODULE
>>Sequence Length Distribution	warn
#Length	Count
15	972474.0
16	1046859.0
17	1017841.0
18	1161450.0
19	1465625.0
20	1590042.0
21	1973153.0
22	5286226.0
23	2024663.0
24	860004.0
25	689339.0
26	624252.0
27	670943.0
28	718438.0
29	768180.0
30	846336.0
31	1139249.0
32	873398.0
33	1029512.0
34	1184571.0
35	483603.0
36	477176.0
37	342351.0
38	268589.0
39	224171.0
40	180802.0
41	141760.0
42	96344.0
43	74048.0
44	41640.0
45	30294.0
>>END_MODULE
>>Sequence Duplication Levels	fail
#Total Deduplicated Percentage	5.931428322123509
#Duplication Level	Percentage of deduplicated	Percentage of total
1	31.577555220586845	1.8730000537880789
2	6.4521480646880915	0.7654090753885068
3	5.816553299291074	1.0350140692966805
4	6.149417345516599	1.4589931283101887
5	6.627411455617003	1.965500800510624
6	6.559780774199682	2.334532168260556
7	6.203298926513564	2.5756096060324642
8	5.3313903633246476	2.5298207837856133
9	4.526813692338969	2.416542384934427
>10	19.219359637575124	18.124683291369752
>50	0.8402218584820906	3.444731717726647
>100	0.5435902185201382	6.351616748897168
>500	0.06405916382192528	2.673986612216451
>1k	0.0643782459578212	8.19690123647748
>5k	0.011230160442269184	4.475934897763131
>10k+	0.01279157312408201	39.777723425242186
>>END_MODULE
>>Overrepresented sequences	fail
#Sequence	Count	Percentage	Possible Source
TGGAATGTAAGGAAGTGTGTGG	2209331	7.805903990176705	No Hit
TAGCTTATCAGACTGATGTTGAC	822136	2.9047321034593345	No Hit
TGAGGTAGTAGGTTGTATGGTT	549061	1.9399164048983206	No Hit
GGTTCCATAGTGTAGCGGTTATCACGTCTGCTTT	467601	1.6521057784961226	No Hit
GGTTGGTCCGAGAGTAGTGGTGTTTACAACT	306447	1.082724073521659	No Hit
TGAGGTAGTAGGTTGTGTGGTT	197566	0.6980308644215153	No Hit
GTTTCCGTAGTGTAGTGGTTATCACGTTCGCCT	193221	0.6826793155420954	No Hit
AGCAGGACGGTGGCCATGGA	188656	0.6665504730485275	No Hit
ACAGTAGTCTGCACATTGGTT	164170	0.5800376937938723	No Hit
TGAGGTAGTAGATTGTATAGTT	161561	0.5708196981606372	No Hit
AGCAGGACGGTGGCCAAGG	137199	0.4847450298521379	No Hit
TGAGGTAGTAGGTTGTATAGTT	119365	0.4217347829670802	No Hit
GATCTCGGAAGCTAAGCAG	119347	0.42167118621683175	No Hit
TTCACAGTGGCTAAGTTCTGC	119319	0.4215722579386675	No Hit
GGCTGGTCCGAAGGTAGTGAGTTATCTCAATT	116061	0.41006124614369627	No Hit
TGAGATGAAGCACTGTAGCTC	107577	0.380085977859922	No Hit
TGGCAGTGTCTTAGCTGGTTGT	97412	0.34417147973349993	No Hit
GTTGTTATTGAAGATC	84293	0.29782004826074726	No Hit
TAGGTAGTTTCATGTTGTTGGG	84272	0.29774585205212406	No Hit
TGGCTCAGTTCAGCAGGAACAG	81160	0.28675068056472364	No Hit
GACTCTTAGCGGTGGATC	72900	0.25756683850626355	No Hit
ACTGGACTTGGAGTCAGAAGGC	72331	0.2555564745678539	No Hit
GGCTGGTCCGAAGGTAGTGAGTTATCTCAAT	72128	0.2548392445511629	No Hit
TGAGGTAGTAGTTTGTGCTGTT	71072	0.2511082352032533	No Hit
GTTTCCGTAGTGTAGTGGTTATCACGTTCGCCTC	61857	0.21855023222883324	No Hit
AGAGGTAGTAGGTTGCATAGTT	61518	0.21735249343248728	No Hit
ATCACATTGCCAGGGATTTCC	61010	0.21555765181436407	No Hit
GGTTCCATAGTGTAGCGGTTATCACGTCTGCTT	60942	0.21531739742453654	No Hit
ACGCCTGTCTGAGCGTCGCT	60595	0.21409139340585792	No Hit
AGGAGTCTAACGCGTGCGCG	60097	0.2123318833156505	No Hit
GTTTCCGTAGTGTAGTGGTTATCACGTTCGCC	58769	0.20763985640843077	No Hit
TGAGGTAGTAGGTTGTATGGT	58622	0.20712048294806834	No Hit
TGGAATGTAAGGAAGTGTGTGGT	56208	0.19859145210919155	No Hit
TTCAAGTAATCCAGGATAGGCT	55541	0.1962348391972069	No Hit
CGACTCTTAGCGGTGGATC	54911	0.1940089529385108	No Hit
GGTTGGTCCGAGAGTAGTGGTGTT	51288	0.18120834037461242	No Hit
GGTTGGTCCGAGAGTAGTGGTGTTTACAAC	51049	0.18036391685742453	No Hit
AAGCTGCCAGTTGAAGAACTGT	50472	0.1783252876966822	No Hit
GTTGGTTTTCGGAACTGAGGCCATGATTA	49678	0.17551996438016682	No Hit
TAGGTAGTTTCATGTTGTTGG	49521	0.1749652593918886	No Hit
AAGCTGCCAGTTGAAGAAC	49175	0.17374278852600153	No Hit
TCCCTGGTGGTCTAGTGGTTAGGATTCGGCGCT	48452	0.17118831905768836	No Hit
AGGAGTCTAACGCGTGCG	48131	0.1700541770115908	No Hit
TGAGGTAGTAGGTTGTGTGGTTT	48032	0.1697043948852243	No Hit
GGCTGGTCCGAAGGTAGTGAGTTATCTCAATTG	47447	0.16763750050214934	No Hit
TGCCGTGATCGTATAGTGGTTAGTACTCTGCGTT	47157	0.16661288619259082	No Hit
TGGAATGTAAGGAAGTGTGT	46911	0.16574373060586187	No Hit
GGTTGGTCCGAGAGTAGTGGTGTTT	46616	0.16470145053234544	No Hit
GACTCTTAGCGGTGGATCACTCGGCTCGT	46099	0.162874810539098	No Hit
GTTTCCGTAGTGTAGTGGTTATCACGTTCGC	46078	0.16280061433047477	No Hit
TGGAATGTAAGGAAGTGTGTG	43450	0.1535154887941996	No Hit
GACTCTTAGCGGTGGAT	40315	0.14243905479259278	No Hit
TCCCTGGTGGTCTAGTGGTTAGGATTCGGC	39207	0.1385243214995209	No Hit
TGTTGTTATTGAAGATC	38845	0.13724532018896857	No Hit
CAGGACGGTGGCCATGGA	38080	0.134542458303409	No Hit
TGAGGTAGTAGGTTGTGTGGT	38046	0.13442233110849525	No Hit
TGGAAGACTAGTGATTTTGTTGTT	37518	0.13255682643454042	No Hit
TGGAATGTAAAGAAGTATGTAT	37448	0.13230950573912972	No Hit
GTTTCCGTAGTGTAGTGGTTATCACGTTCGCCTG	37101	0.13108350172045108	No Hit
TTCACAGTGGCTAAGTTCT	36965	0.13060299294079605	No Hit
ACAGTAGTCTGCACATTGGT	36248	0.1280697223892324	No Hit
TTCGGAACTGAGGCCATGATTA	36162	0.12776587124915642	No Hit
TGAGGTAGTAGATTGTATAGT	35742	0.12628194707669232	No Hit
TGAGGTAGTAGTTTGTACAGTT	35707	0.12615828672898702	No Hit
TCCCACATGGTCTAGCGGTTAGGATTCCTGGTT	35522	0.1255046534625445	No Hit
CGCGACCTCAGATCAGACGT	35225	0.1244553070834449	No Hit
TGGAAGTCGGAATCC	35014	0.12370981184442129	No Hit
TTCACAGTGGCTAAGTTCTG	31505	0.11131197869876314	No Hit
CGACTCTTAGCGGTGGATCACTCGGCTCGT	31433	0.11105759169776931	No Hit
CAGTAGTCTGCACATTGGTT	31314	0.11063714651557116	No Hit
TGAGAGGTGTAGAATA	31187	0.11018843611104036	No Hit
ACTGGACTTGGAGTCAGAAGG	30400	0.107407844864066	No Hit
TGGAATGTAAGGAAGTGTGTGT	29913	0.105687199454566	No Hit
TGAGGTAGTAGGTTGTATAGT	29673	0.10483924278458653	No Hit
TAGGTAGTTTCCTGTTGTTGGG	29609	0.10461312100592535	No Hit
CATGAGAGGTGTAGAATA	29484	0.1041714769069777	No Hit
TGAGGTAGTAGGTTGTATGGTTT	28848	0.10192439173153212	No Hit
TACGCCTGTCTGAGCGTCGCT	28696	0.10138735250721179	No Hit
>>END_MODULE
>>Adapter Content	pass
#Position	Illumina Universal Adapter	Illumina Small RNA 3' Adapter	Illumina Small RNA 5' Adapter	Nextera Transposase Sequence	SOLID Small RNA Adapter
1	0.0	0.0	0.0	0.0	0.0
2	0.0	0.0	0.0	0.0	1.7665763957905594E-5
3	0.0	0.0	0.0	0.0	1.7665763957905594E-5
4	0.0	0.0	0.0	0.0	1.7665763957905594E-5
5	0.0	0.0	0.0	0.0	1.7665763957905594E-5
6	0.0	0.0	0.0	0.0	1.7665763957905594E-5
7	2.1198916749486714E-5	0.0	0.0	0.0	3.533152791581119E-5
8	2.1198916749486714E-5	0.0	0.0	0.0	3.533152791581119E-5
9	2.1198916749486714E-5	0.0	0.0	0.0	3.533152791581119E-5
10	2.1198916749486714E-5	0.0	2.473206954106783E-5	0.0	3.533152791581119E-5
11	2.1198916749486714E-5	0.0	2.473206954106783E-5	0.0	3.533152791581119E-5
12	2.1198916749486714E-5	0.0	2.473206954106783E-5	0.0	6.006359745687902E-5
13	2.1198916749486714E-5	0.0	2.473206954106783E-5	0.0	6.006359745687902E-5
14	2.1198916749486714E-5	0.0	2.473206954106783E-5	0.0	6.006359745687902E-5
15	2.1198916749486714E-5	0.0	2.473206954106783E-5	0.0	6.006359745687902E-5
16	2.1198916749486714E-5	0.0	2.473206954106783E-5	0.0	6.006359745687902E-5
17	2.1198916749486714E-5	0.0	2.473206954106783E-5	0.0	6.006359745687902E-5
18	2.1198916749486714E-5	0.0	2.473206954106783E-5	0.0	6.006359745687902E-5
19	2.1198916749486714E-5	0.0	2.473206954106783E-5	0.0	6.006359745687902E-5
20	2.1198916749486714E-5	0.0	2.473206954106783E-5	0.0	6.006359745687902E-5
21	2.1198916749486714E-5	0.0	4.593098629055454E-5	0.0	6.006359745687902E-5
22	2.1198916749486714E-5	0.0	4.593098629055454E-5	0.0	6.006359745687902E-5
23	2.1198916749486714E-5	0.0	4.593098629055454E-5	0.0	6.006359745687902E-5
24	2.1198916749486714E-5	0.0	4.593098629055454E-5	0.0	6.006359745687902E-5
25	2.1198916749486714E-5	0.0	4.593098629055454E-5	0.0	6.006359745687902E-5
26	2.1198916749486714E-5	0.0	4.593098629055454E-5	0.0	6.006359745687902E-5
27	2.1198916749486714E-5	0.0	4.593098629055454E-5	0.0	6.006359745687902E-5
28	2.1198916749486714E-5	0.0	4.593098629055454E-5	0.0	6.006359745687902E-5
29	2.1198916749486714E-5	0.0	4.593098629055454E-5	0.0	6.006359745687902E-5
30	2.1198916749486714E-5	0.0	4.593098629055454E-5	0.0	6.006359745687902E-5
31	2.1198916749486714E-5	0.0	4.593098629055454E-5	0.0	6.006359745687902E-5
32	2.1198916749486714E-5	0.0	4.593098629055454E-5	0.0	6.006359745687902E-5
33	2.1198916749486714E-5	0.0	4.593098629055454E-5	0.0	6.006359745687902E-5
34	2.473206954106783E-5	0.0	4.946413908213566E-5	0.0	6.359675024846014E-5
>>END_MODULE
